999 -479.13089560214587
1999 -368.74021777685886
2999 -360.70343811080124
3999 -435.35723481695277
4999 -536.6418338612237
5999 -409.0259275180883
6999 -117.26318076381173
7999 -384.1108760529232
8999 10.650394356302096
9999 120.39476889301767
10999 246.09906918244656
11999 365.81033054392327
12999 375.4893766114348
13999 439.1795147416191
14999 522.8730568411626
15999 768.410859964438
16999 667.4190325152042
17999 419.8628434900571
18999 1068.899146912708
19999 813.0373934377151
20999 924.9902456818616
21999 769.6909181186218
22999 1062.224393692184
23999 1144.2930681062542
24999 -12.885541221952172
25999 1247.5799423532837
26999 877.8389640963171
27999 1207.8566890488562
28999 737.4585979294329
29999 1035.2346511999547
30999 911.8377512013881
31999 922.3933162333894
32999 1148.3031986279707
33999 1321.4038430214437
34999 675.6365776209313
35999 1389.6533567753343
36999 1322.1177247200385
37999 1249.9428685515213
38999 1321.9592325399963
39999 961.8473584774239
40999 851.1460743325098
41999 1157.825875404513
42999 1493.6610749224894
43999 1211.9132001458204
44999 1657.7122989913078
45999 1095.290777459063
46999 1767.7034488154773
47999 1146.0322280893545
48999 1268.3787959058852
49999 176.78190169703868
50999 1228.7865153600842
51999 1353.4877847740609
52999 1597.4833314123516
53999 1531.5534471436463
54999 1683.539343056516
55999 1318.4077354120316
56999 1846.5656747157236
57999 1389.2027408266708
58999 1560.9545910659197
59999 1783.6147626700515
60999 1452.5067616199042
61999 1030.8717027057648
62999 1635.081243803852
63999 1549.5564134785623
64999 1353.8204631051806
65999 1369.1642634883808
66999 1720.053021428649
67999 1593.3185603830009
68999 1852.9363640029753
69999 1670.193128510713
70999 -213.99378263237608
71999 1818.7048589628012
72999 2060.1071471637442
73999 1660.61992060674
74999 1727.915875374972
75999 1568.6090127155628
76999 1638.8672935297034
77999 1736.5363043670773
78999 898.2016965954252
79999 1824.0959508090561
80999 1588.7523113827615
81999 1649.7116408826505
82999 1886.455756542354
83999 2012.5606380217898
84999 1842.5773354193147
85999 1808.5046271260974
86999 2095.530544779544
87999 1702.7361173451422
88999 2155.7592892078255
89999 1831.2088620590405
90999 1578.6310719848418
91999 1728.8981658735122
92999 1678.8182585477846
93999 1819.852840517283
94999 1625.7358168667627
95999 1409.0225148560644
96999 1858.1272920555957
97999 1844.0096126011322
98999 1889.8534909719767
99999 1702.2153325529143
100999 1839.6628725927803
101999 1825.8875538063066
102999 1693.739970976882
103999 1904.4641615414225
104999 1939.6160174470897
105999 1780.6047796912605
106999 1910.9671517513464
107999 1980.4366470015227
108999 1783.7245813699485
109999 1918.0114948778476
110999 1769.0667184143438
111999 1815.9123862902786
112999 1220.0278659040107
113999 1837.9439576186342
114999 1853.7050150872058
115999 1968.0243164169196
116999 596.0734760230247
117999 1862.70455226869
118999 1862.3111691368454
119999 1805.1477934361208
120999 1784.2431110464747
121999 1483.6375049883322
122999 1765.1577729405117
123999 1543.1092032414392
124999 1986.6762051357014
125999 -10.582548059433801
126999 2001.9523071453825
127999 2078.5014425204654
128999 2013.7543116524694
129999 1649.9561697835118
130999 1693.8012129525462
131999 1835.4680858248544
132999 1986.0481859315864
133999 1562.5756873613489
134999 1810.8521403158795
135999 2148.6508325957325
136999 1159.2181068608647
137999 507.44317211221045
138999 1886.1229160730868
139999 1688.9122057383836
140999 78.89653056036343
141999 2013.645775999221
142999 2293.957486679598
143999 1893.6405544093582
144999 2149.7302983769805
145999 2527.109330341734
146999 2110.6294080071575
147999 2089.3734036029978
148999 2302.8826586725963
149999 2261.808325257661
150999 2119.2597615434083
151999 2222.8026305158673
152999 2062.089988823357
153999 2200.627818813441
154999 1968.7765704706842
155999 2057.761589029575
156999 1753.1510556702924
157999 2039.5433143288087
158999 2102.7402815260252
159999 2089.922329140726
160999 2053.352763119026
161999 2442.5261776520556
162999 2135.221117288225
163999 1636.8608693322917
164999 1757.4225119743405
165999 2470.7742473577605
166999 2139.0594069098784
167999 2246.998508549877
168999 2063.946420335247
169999 1947.6179083553036
170999 2058.688468363103
171999 2197.5844461850756
172999 2135.1129094476064
173999 1210.1807737471947
174999 2229.6674622774644
175999 2102.637708455457
176999 -172.5591831110565
177999 2060.0092956042677
178999 2377.9791215437776
179999 1252.68360863389
180999 2203.7504181371132
181999 2230.0119408728424
182999 1679.0367111989972
183999 2257.6572869044285
184999 1968.8129679175556
185999 2229.476931395021
186999 2155.214435765117
187999 2465.6054270946165
188999 2209.578453481163
189999 2525.465628225348
190999 626.6793076061027
191999 2387.871242701605
192999 2129.957136920359
193999 2431.0054041791036
194999 2338.2589590704774
195999 1579.7226257343439
196999 1182.63845951479
197999 2133.3236746873295
198999 2702.0965115387467
199999 2159.861903979401
200999 2310.9139641836623
201999 1892.6500528465833
202999 2459.286299020164
203999 1227.8089136587346
204999 2492.447018667459
205999 2400.2759633493274
206999 2402.1003291765023
207999 2247.5422071142552
208999 2315.5622207861124
209999 2411.2258960209147
210999 2244.8385880721457
211999 2519.197015132551
212999 2306.4153469641856
213999 2112.33868926397
214999 2623.5377227239605
215999 2312.4096087897306
216999 2751.541420443131
217999 1013.9667747094236
218999 1824.9031048536149
219999 2339.028049927894
220999 1174.3346617534912
221999 2620.8455708013184
222999 2822.099728633269
223999 2138.951012182585
224999 2630.834284996442
225999 2464.665307995386
226999 2329.842157977835
227999 2295.3112106408653
228999 2242.3643599967522
229999 2494.6896132477573
230999 1152.020787056005
231999 -66.29316136213042
232999 1935.0014568536005
233999 2852.2403198953743
234999 2723.0955845243807
235999 2531.934716236736
236999 2325.717300402881
237999 1781.4723212185986
238999 2290.9293085298873
239999 2402.1525769926657
240999 2559.8574948109745
241999 875.725378750733
242999 1436.6156504622013
243999 2465.9771918286333
244999 2048.037659867777
245999 2846.692952249634
246999 2576.7754596249524
247999 2495.403792475682
248999 2072.2999189411944
249999 2075.070575027326
250999 2508.789415111843
251999 1763.514107148299
252999 2409.86769994047
253999 2625.704646066508
254999 1996.5640170391573
255999 2165.6408680184427
256999 2083.5252558815864
257999 2571.00344286047
258999 2587.5833481139352
259999 1976.6125053713924
260999 2385.3421589242043
261999 2455.4626015636754
262999 -56.00265670117668
263999 2720.4507491322943
264999 2263.5019981644245
265999 2360.7759544127794
266999 2406.1386077553943
267999 2386.3695340527574
268999 2491.433360972876
269999 2041.653781628435
270999 1939.425653877823
271999 2253.7941577291735
272999 2469.635429898058
273999 2236.572693048162
274999 2532.6266279146453
275999 2544.2376307401187
276999 2471.642996292967
277999 2414.3578998775274
278999 2394.089657260125
279999 2615.7391560113924
0 0
999 -453.01652078782456
1999 -433.8643884987958
2999 -362.109512992019
3999 -260.33694338380013
4999 -463.0948713241101
5999 -583.29398491382
6999 -406.48203620534696
7999 415.8160119157699
8999 663.1415955116577
9999 526.440800199186
10999 456.82208491518475
11999 874.8810903709837
12999 729.7337586588656
13999 720.53689762698
14999 1387.7531102442126
15999 1250.1236346444193
16999 1468.8875757936953
17999 1342.5978082701731
18999 1511.2369933782602
19999 -112.22363117901705
20999 854.5545733571171
21999 1216.0645884813634
22999 977.1395747951022
23999 1250.1324492290903
24999 1086.1071068817098
25999 1523.369595280323
26999 1451.574314095979
27999 1207.6577930280478
28999 1488.8552238923812
29999 86.18984013997184
30999 1217.3836461501587
31999 -162.9954996636859
32999 1519.69052203529
33999 1496.1335063217455
34999 448.0785105904215
35999 1721.9816502284673
36999 1636.62310622828
37999 1241.5482033806688
38999 -232.90236221387522
39999 49.42233328247536
40999 1200.50709343924
41999 762.1699500009139
42999 1473.5485592745827
43999 1037.0870105221961
44999 384.56322226844384
45999 1338.8161765369946
46999 1191.974412995834
47999 -361.87861810500306
48999 1498.9135999479251
49999 -125.13168930310103
50999 -263.5140718148928
51999 1428.8768982294798
52999 1460.7960523969289
53999 -73.40045477583512
54999 1043.0824040946463
55999 -23.19739690137685
56999 1616.2374887784715
57999 1291.6440646379467
58999 1205.3181019523513
59999 1780.9987776841008
60999 1509.8806858818245
61999 1673.2944740106514
62999 -216.8624451385229
63999 -57.99211354052348
64999 1536.4018279683798
65999 1447.9883849932128
66999 326.4762443503866
67999 1558.8880787964627
68999 572.3806022646127
69999 640.4107521294221
70999 -339.98445969036857
71999 1723.0330682293768
72999 -4.03666763614229
73999 435.135160443936
74999 1787.9476742956401
75999 1720.3286659967087
76999 579.9603470890789
77999 1318.443255002493
78999 1731.7325591866788
79999 1631.8523199742315
80999 1432.402068159705
81999 1625.5807408166138
82999 1758.1684018414269
83999 1579.9026597457785
84999 1659.9747037026468
85999 1644.1106358923537
86999 -333.0470840279024
87999 1059.6234208188828
88999 1502.0563119280991
89999 1671.0942718420836
90999 626.9297263507264
91999 1745.4680783806973
92999 1207.3950746236255
93999 1780.2744415927002
94999 1638.6053381261863
95999 821.9085655073479
96999 1875.8503990626718
97999 495.498699294051
98999 391.1621153963992
99999 1776.6298472034393
100999 1453.9417243887299
101999 1636.5355109365025
102999 1698.5699250738007
103999 1501.5444693674945
104999 1608.1455294830498
105999 1410.0455696309139
106999 -135.82590779034518
107999 726.2057927917741
108999 -393.63205469255666
109999 803.9908305564084
110999 1431.0931180390205
111999 1910.7773078511307
112999 1685.841259202543
113999 1771.344029997144
114999 2208.2697276988647
115999 1861.08140207087
116999 232.36505006489924
117999 -85.68149135194757
118999 458.5683957863548
119999 1799.883751854354
120999 -159.52323231291766
121999 1524.331939094874
122999 1910.8703967488652
123999 1923.4228910500644
124999 1858.346523526315
125999 1768.2513677690024
126999 490.45429365376566
127999 1710.9908562641406
128999 1910.85270044872
129999 1743.8749686100202
130999 -202.30675401177135
131999 1972.040105468065
132999 870.7091065763068
133999 115.71506849610569
134999 1773.5747002465937
135999 1680.7036783640438
136999 1826.1674609765603
137999 2021.742846312994
138999 -210.64181314501306
139999 1634.6087621386462
140999 2047.2087085270807
141999 1553.36174423174
142999 -4.1661455182825025
143999 1909.7381515027562
144999 1209.324650602621
145999 208.72571351573225
146999 1655.005831251081
147999 1977.8724732523253
148999 1944.923440569822
149999 958.6533385781574
150999 1183.2620094084025
151999 -275.22338587875544
152999 370.7836903413367
153999 1772.9962607056932
154999 617.3446425844616
155999 1879.9824829906404
156999 1820.9003728703265
157999 2023.3458445256435
158999 2095.656991258283
159999 1956.251731491515
160999 1950.3505053199403
161999 1927.2924577315607
162999 1921.8337281873917
163999 1679.4561677034515
164999 1607.7036964676652
165999 211.54087422352092
166999 2002.0426783749747
167999 632.2168624031783
168999 -44.391409466347646
169999 831.9156260812761
170999 2070.1822976368953
171999 1741.970283436566
172999 1878.9478030457942
173999 1660.984485718495
174999 271.1567236871697
175999 1704.8290603254502
176999 590.6650055833533
177999 1622.83167418763
178999 1910.2198842256958
179999 1821.5889438932802
180999 1080.856479828794
181999 1575.4281748049013
182999 -110.78371603278318
183999 -88.62836535812664
184999 2084.1073560672935
185999 1348.8779612530493
186999 1714.0210905069434
187999 1825.0110947465482
188999 1891.5383980233414
189999 1217.9536223780021
190999 1322.1907230574998
191999 234.58614662357732
192999 1636.4261531406507
193999 1723.7078889132492
194999 1842.8740088961438
195999 1725.1570515937549
196999 1880.2762709562016
197999 1703.9775405447215
198999 2120.8730076057886
199999 1756.666260264046
200999 1958.9727474096437
201999 1573.2221800512255
202999 750.1809674886629
203999 1033.3120936174596
204999 2012.472419866526
205999 1642.1724433010525
206999 -25.858144493459037
207999 1889.410104481267
208999 1692.337813640096
209999 2205.9409029443755
210999 1928.7684481760525
211999 1626.816189245679
212999 1978.5439130605168
213999 1158.7576873134637
214999 1398.3350017598038
215999 1957.3396546911308
216999 2008.0217322022957
217999 812.829773195948
218999 1166.3363206272973
219999 149.77029937898754
220999 2089.2774058149466
221999 1291.992886471732
222999 -7.00980916879109
223999 -99.71766199280238
224999 126.84121995942195
225999 1008.921282058182
226999 210.94946092487788
227999 947.2970537111768
228999 1536.002031858621
229999 1496.6365028404662
230999 -405.58243306868764
231999 2042.600343371636
232999 2026.110039696737
233999 -458.6747132931008
234999 2000.3507589667802
235999 1039.8720801683144
236999 -144.59025034765688
237999 1992.8949092205287
238999 -350.9065382520293
239999 691.9819746078051
240999 -354.71740814293645
241999 -372.14545617240566
242999 1817.3984945241032
243999 -14.45482707423977
244999 515.9881887310281
245999 -251.75682266736456
246999 1954.966874759804
247999 -182.87797031782338
248999 1965.7031203886831
249999 2114.8726693427593
250999 1609.5831412631287
251999 1767.948786072521
252999 1899.5853687837637
253999 1287.4727832134247
254999 71.36690400012056
255999 456.0737027423322
256999 2045.162791105364
257999 1901.291346705293
258999 1976.651991263868
259999 1031.5787828186976
260999 2384.612878130052
261999 2083.102781346487
262999 1259.773613181089
263999 1986.9892796688137
264999 1109.7901618996868
265999 1940.1832794832394
266999 2283.3038543322
267999 1683.7789481176242
268999 1989.0309558460049
269999 2307.964536996461
270999 1950.1263816146327
271999 2142.0171956647578
272999 1875.2404257130588
273999 2193.463382938384
274999 1408.101931089237
275999 2000.4735223963403
276999 2095.7364576709056
277999 1981.025217496834
278999 1939.2227165586455
279999 2234.408587003801
0 0
999 -490.4239116023887
1999 -446.7905356311356
2999 -393.21071452782377
3999 -205.50002091379778
4999 -168.46301078714197
5999 -237.30836194389954
6999 -398.00722481753206
7999 -394.57730845529034
8999 -288.85953909125294
9999 -386.52407488224577
10999 -414.90731794875785
11999 -396.36325040489254
12999 -69.36346339689123
13999 -80.3989167269921
14999 93.22156580680013
15999 44.44301552810334
16999 -448.8974817693439
17999 -178.76924878216064
18999 738.4617995742364
19999 552.0723328423633
20999 470.3543631510252
21999 359.2777732818021
22999 362.40051916450017
23999 894.8697692486812
24999 808.2912489058182
25999 -552.7899288423856
26999 886.5190146875485
27999 1143.1238955470822
28999 1105.1744215192741
29999 722.5900841487711
30999 756.1810060166456
31999 890.7197800291169
32999 -24.288818292472353
33999 248.54167511186722
34999 1590.7173422760084
35999 1610.057830927952
36999 1078.5509710811252
37999 -220.56815508047183
38999 1306.2994331898435
39999 1072.6275093374784
40999 1365.4778852690422
41999 1535.1854732983143
42999 1252.1948083141997
43999 1421.2157983948202
44999 1531.9829155940142
45999 854.4563878552303
46999 1966.1055827412379
47999 1746.0244251034605
48999 1725.708028760835
49999 1877.9284758212002
50999 1359.8867356845608
51999 1419.5684468915206
52999 1510.222787426096
53999 1596.7028566269742
54999 1798.9672620927345
55999 1587.1177485540884
56999 1849.4784426775332
57999 1758.7815327509313
58999 1332.341624337645
59999 1662.585896222238
60999 1753.4514435463714
61999 1612.6231849182716
62999 1685.9025831516863
63999 2457.7734331162123
64999 115.26411929460936
65999 1177.0840114920925
66999 2080.906000599712
67999 1818.7410022053728
68999 1898.6663748929357
69999 1691.7554141556425
70999 1474.4901468047772
71999 749.4848731225071
72999 -117.95100158017324
73999 564.5217144561223
74999 -165.5195647887551
75999 1238.8853972976922
76999 1778.2084301105124
77999 1172.197246330179
78999 1685.8961247549512
79999 1890.159558065671
80999 2012.7245939012341
81999 1704.5638994800358
82999 1791.23294100741
83999 1626.3429106334856
84999 1758.534525562755
85999 2271.1950640240675
86999 1993.3179863606701
87999 1997.3302221263382
88999 2132.3094136596374
89999 1962.7344363646423
90999 1862.5843150798273
91999 -579.1452035134121
92999 2209.8803006566577
93999 2155.8232499154674
94999 2252.3671649124653
95999 2130.443082368459
96999 1698.2715360421741
97999 1981.6386395292259
98999 2128.5271311104007
99999 2062.9622117692074
100999 1850.8610474593256
101999 1691.6170163171719
102999 2275.7137021717645
103999 2096.9835554655165
104999 2287.5408987129226
105999 2204.7448483343883
106999 2194.3665613873563
107999 -428.6569314533573
108999 1979.34800785063
109999 1236.514771727548
110999 1936.1707755223395
111999 2454.1506321414204
112999 2191.0007310538003
113999 1964.0315983480264
114999 2522.4126698220603
115999 2110.04030085146
116999 2342.5527164207238
117999 63.909005008121966
118999 2428.918100008434
119999 786.7079518978312
120999 2300.2029032061764
121999 384.35545827036105
122999 2169.5359177090054
123999 1520.9211163137313
124999 2387.0999520564956
125999 359.5574124605804
126999 185.41910369040596
127999 -190.29073454695643
128999 2052.1361326428564
129999 2230.240239326476
130999 2404.312216504573
131999 1990.563197666283
132999 1979.8310218043055
133999 1567.2348126786308
134999 1723.628436135827
135999 1921.0088482907502
136999 2348.8594910134334
137999 2197.1486993869185
138999 2401.1990533311514
139999 1655.0772023705829
140999 1735.6139718074564
141999 2010.9176798821563
142999 1646.3079155339708
143999 2282.718021024011
144999 2445.4380028273645
145999 1979.0068023372328
146999 883.8685840821126
147999 2225.957427791427
148999 2271.846590927885
149999 -364.3598600487576
150999 2059.3341710317336
151999 2259.8849111864124
152999 2133.2351605705967
153999 2206.7000286589137
154999 2407.7030418254026
155999 2307.5188659801856
156999 2487.88723359853
157999 2479.9611415225904
158999 1918.7595021979982
159999 2436.9844043727103
160999 2269.9704237526917
161999 2237.657608795933
162999 1950.3108148933475
163999 2282.505111210419
164999 784.6413066940687
165999 2408.5774360381015
166999 1644.3996261698094
167999 2547.6507177388594
168999 2618.6499372306534
169999 2012.5156479729972
170999 2486.0821490306207
171999 2461.7271274264103
172999 2404.0792320858213
173999 2482.3448117621315
174999 2637.3428902393043
175999 1806.1828778638412
176999 2584.5429919256744
177999 1615.6070093105438
178999 2566.9570454989407
179999 2681.2568177442104
180999 1780.3472247753307
181999 2571.2370818401814
182999 2165.8139134844864
183999 2461.4668477161426
184999 -44.72131931648903
185999 2380.388734382658
186999 2538.9943266631167
187999 2493.8599083016366
188999 1954.5295913987059
189999 2220.972980423902
190999 2667.93505589707
191999 2418.4100662932924
192999 2498.990755177337
193999 1519.1908865252994
194999 1754.1132182707277
195999 2448.4891092003154
196999 2793.8690482655147
197999 2287.259821732401
198999 2533.220259518661
199999 2490.4885666849254
200999 2169.1936938343733
201999 2691.3766268301383
202999 2753.9433174808505
203999 940.3767007442411
204999 2656.264998468997
205999 2496.1103900791563
206999 2820.916623800286
207999 2675.711566457977
208999 2323.9017233550207
209999 2335.123138108101
210999 2423.14611015255
211999 2415.1767461468244
212999 2542.2559483824807
213999 2184.1779397996993
214999 2542.1790716527935
215999 2076.8839420295003
216999 2188.310383567713
217999 2257.8283921609104
218999 2466.3530079793527
219999 2355.170159676597
220999 2055.8822412407826
221999 2504.6878641207077
222999 1893.3174454637444
223999 2517.9632840642666
224999 2624.6835689683185
225999 747.2383577441651
226999 2505.798952911778
227999 2696.8433579944954
228999 2165.288050561392
229999 2236.6822698512024
230999 2283.9084590669186
231999 2198.4260376566735
232999 2289.7706584476146
233999 2530.7692193204157
234999 2127.763868700525
235999 2284.22295315536
236999 2274.5614947615713
237999 2336.2511196355927
238999 2427.0245117472846
239999 2565.4292095561896
240999 2453.942525494565
241999 2517.5832077929313
242999 1215.4956769655066
243999 90.37890644135489
244999 2675.2037127430503
245999 2052.207528638466
246999 2536.834259196251
247999 2629.6467245603108
248999 2347.551952105374
249999 1606.8225095607693
250999 2176.3908667896094
251999 -12.270202627993424
252999 2173.3356277983717
253999 390.1412463758939
254999 2314.5016967599904
255999 2257.024093187097
256999 2373.775459271214
257999 2278.108587593771
258999 1930.817268827743
259999 1058.6190585287793
260999 -3.180265657466323
261999 2486.1477230031164
262999 2392.4106154882434
263999 2562.172957087121
264999 2275.824538786798
265999 2543.843400096506
266999 2277.452522302098
267999 2596.3974414079858
268999 2297.6170408666576
269999 2422.573386250972
270999 2055.389732449548
271999 2353.2767802231533
272999 621.2715169395585
273999 1096.8527211375733
274999 567.6050259977909
275999 2234.8175881836814
276999 2076.647665611008
277999 -367.49476789028176
278999 2108.793845319329
279999 2428.1328358114224
0 0
999 -417.8950355701151
1999 -350.6222354462975
2999 -455.52440873298747
3999 -488.06456802904444
4999 108.41990476697217
5999 -433.8839193007146
6999 -385.7182747434079
7999 -652.9828892743388
8999 -478.2527756644683
9999 62.512922026932
10999 326.5572698556511
11999 376.66391285471275
12999 622.5447457528494
13999 238.7994780862972
14999 756.5937665695792
15999 -314.5269186515108
16999 365.41008977908484
17999 -99.54144640404468
18999 1056.7409985121835
19999 1042.4678225049786
20999 -356.17432584795716
21999 345.30189881346604
22999 188.17753821599047
23999 -217.17499387025083
24999 233.3894211203074
25999 23.045204952175833
26999 -178.07684364700197
27999 600.4918111622214
28999 50.49370561318378
29999 -249.77400988386518
30999 -212.31013256258717
31999 -279.7356604240621
32999 105.84944421859207
33999 497.9229935659502
34999 1129.8441289618072
35999 1077.5532982055968
36999 -358.8180092339404
37999 915.404706766826
38999 799.5965988784175
39999 960.269627463608
40999 1002.5543870931022
41999 989.4382077185953
42999 1219.6701963816006
43999 1222.630616216872
44999 1214.3088725046157
45999 1096.8908009695213
46999 1028.1232372838992
47999 1298.2422387725023
48999 187.76877795469173
49999 1180.7869952556398
50999 338.98706338919203
51999 550.121254899194
52999 1047.5296149134804
53999 498.391819142126
54999 1177.875700485868
55999 46.68871508709244
56999 -197.38633657827964
57999 763.1178189448502
58999 -243.30430857734606
59999 -620.9534922533431
60999 -343.1624967479569
61999 68.01493676856627
62999 799.0099079601057
63999 1351.8383305600678
64999 199.5397606110379
65999 -260.56069514798367
66999 767.4996929703206
67999 456.6682792707613
68999 996.833829160702
69999 -81.36183713006584
70999 -92.48546868044001
71999 804.4395225692989
72999 695.5694527298648
73999 266.2415448244987
74999 1.6072561407585024
75999 1544.438474523645
76999 1394.5466189624753
77999 1204.2047555110707
78999 583.2319831199165
79999 1390.193296556158
80999 1348.8527371316247
81999 1263.0846918827579
82999 1023.4304150666657
83999 1145.4040840306009
84999 1744.9522734823286
85999 1785.3823550394568
86999 1040.8189171372642
87999 1554.8896562969423
88999 1370.1138897011758
89999 1116.5008127220797
90999 1213.709356521408
91999 906.0919388880116
92999 1669.3253235387265
93999 1599.2029400554673
94999 1087.452708188499
95999 1695.2247422940018
96999 672.6857246502128
97999 1107.8005298724324
98999 1291.8495298108787
99999 1342.0214744931807
100999 1732.4710982437211
101999 1214.5444777826074
102999 1738.713663899007
103999 713.4185917492249
104999 917.7149781666485
105999 1409.714714455542
106999 1577.1937945540878
107999 1557.5952696605177
108999 1192.9385873978968
109999 1356.588692317837
110999 1812.9119335122573
111999 1640.882966541643
112999 1849.8887436870903
113999 744.5168394398902
114999 1518.1801234704242
115999 1639.085711913985
116999 1372.1532185500098
117999 1918.7053054866803
118999 1764.7256529017625
119999 1615.033496430953
120999 1213.833836930363
121999 1402.406130567702
122999 1435.5517670336542
123999 1594.3045183106271
124999 1336.5696120694126
125999 1830.1659343834608
126999 1969.153227377824
127999 1929.2498471087422
128999 2038.1193823935178
129999 2069.7086650276956
130999 851.4330773153174
131999 1777.2184480508718
132999 2005.3312065687949
133999 1795.481786029425
134999 1912.6991386025447
135999 1645.556969360475
136999 1950.2968368735867
137999 1833.246961851011
138999 1946.7232244917411
139999 1910.6621846007351
140999 1793.910199524807
141999 1615.3284155754034
142999 1971.469342690684
143999 1602.931478388805
144999 1761.3254235901468
145999 1446.9871775050162
146999 1844.7093868832196
147999 1857.4723871536048
148999 1798.7401129276752
149999 399.8714119965591
150999 1731.5498733684985
151999 1785.5125969825958
152999 2015.366328854663
153999 1940.3535089599566
154999 1953.1749371834867
155999 1855.1131261151745
156999 2252.6982883935907
157999 2055.7486887106484
158999 1974.633239918314
159999 1834.985795444277
160999 2026.2044127935087
161999 2269.421018568914
162999 1621.5721738610296
163999 1046.103220487653
164999 1878.8053719317115
165999 1668.7256458681786
166999 2368.7064211930033
167999 2068.1745790921095
168999 1514.53896559541
169999 2382.0308487944753
170999 2042.7346194483684
171999 1913.5943643864964
172999 2135.5622754069273
173999 2411.0331421603687
174999 2182.0753947163566
175999 -35.55335203407978
176999 2230.841017071332
177999 2001.4247835784927
178999 1910.0594380766313
179999 2273.1561787485493
180999 1742.9703676138142
181999 2153.1890168325012
182999 1991.1415861138582
183999 942.6693879635787
184999 1899.7156309524069
185999 1821.1872701205896
186999 921.6777641333615
187999 1633.8094601500952
188999 2509.295813363013
189999 2191.4759877726947
190999 971.1459824856925
191999 2077.397394266129
192999 2273.157708793708
193999 2514.9079643338505
194999 2157.349593601259
195999 208.1712448936716
196999 2314.095274228965
197999 2011.2433021272789
198999 2347.20832710415
199999 2183.996666205447
200999 1730.5609428720568
201999 1977.7994110934478
202999 2068.691176754725
203999 1446.63760317075
204999 2314.5454683060466
205999 1288.74794907983
206999 399.7584585408573
207999 2085.1210781318223
208999 2389.624139039313
209999 2031.1651888883189
210999 1021.3323199284729
211999 2319.983721138762
212999 1888.629519377992
213999 1325.435417886213
214999 2201.743545916594
215999 1997.5123927164682
216999 1629.9768925666583
217999 2040.732931090732
218999 2108.1826632884045
219999 2020.700608741703
220999 1996.4091303070031
221999 2162.499591854607
222999 1826.512207839175
223999 1681.7690827860797
224999 2193.577351879633
225999 2457.7669601935077
226999 243.68272403124243
227999 255.29901498961777
228999 2402.414482955849
229999 2266.0671933496656
230999 1965.0093624282342
231999 1739.4579344053395
232999 2384.8147934115846
233999 1189.8274665551066
234999 2312.5790061210005
235999 939.9424558233688
236999 1769.5608272215165
237999 1089.1865761228855
238999 845.4158787537672
239999 1967.45909253692
240999 2413.932399880237
241999 1465.8499853786475
242999 2001.192492870465
243999 1893.1937195153907
244999 2274.992250392029
245999 97.96436331165705
246999 2227.2612134220926
247999 2418.1533232868323
248999 2052.3622912275473
249999 -73.18965698293674
250999 2248.4666414243247
251999 2345.890837791869
252999 2426.372211784315
253999 2431.3276508779563
254999 2450.679041944891
255999 2066.4472627524656
256999 2230.2852781409015
257999 476.90536094741265
258999 2189.573194047797
259999 2419.6240368173058
260999 1390.4760025779544
261999 2105.4672418740574
262999 1699.4184035045394
263999 2522.487581138861
264999 2163.650218902797
265999 2088.9738361756413
266999 2242.2552970359084
267999 2656.968837162445
268999 2408.5957028909093
269999 2382.0097594467306
270999 2557.1407877313486
271999 1714.4452714548001
272999 2286.2634448922536
273999 2402.4984472636406
274999 1684.7764474073329
275999 2214.541332547012
276999 2621.819624707193
277999 1367.9691154730522
278999 2280.952305556392
279999 2435.7322697611826
0 0
999 -418.86135698190947
1999 -388.05675945694685
2999 -295.33520021868463
3999 -122.2486419680628
4999 -103.22868241446058
5999 74.49869311374225
6999 -192.4098811242946
7999 -357.41908493058503
8999 -404.46675338179216
9999 -670.5072639486654
10999 -304.8607544174843
11999 -405.7959490825333
12999 108.28226323825798
13999 955.3189327431405
14999 -165.09742930565193
15999 -113.06649532196673
16999 466.66995406220303
17999 172.49658566603023
18999 216.64263586447774
19999 387.3519463201305
20999 871.8596915839049
21999 848.812944808074
22999 630.6568621737551
23999 567.2765498028566
24999 1051.5302057676479
25999 742.2917984519272
26999 1030.1076875328276
27999 1047.1143195171762
28999 1152.6554047046302
29999 9.205804514700544
30999 879.7988707211932
31999 1486.3770826856473
32999 1136.8689413167128
33999 871.4170294095411
34999 1268.1034810742728
35999 1241.8818324462022
36999 1079.6486088280922
37999 943.8545651148328
38999 1198.7146963836192
39999 1458.1781588601239
40999 1204.0202951344954
41999 374.65523041707354
42999 1581.9464842598954
43999 1703.3971845582178
44999 1280.7384363204078
45999 1362.0821534102747
46999 1570.2030755585067
47999 1610.6226311934038
48999 1346.9750612812477
49999 1450.4022560292572
50999 -69.59843328121961
51999 1226.0169518572536
52999 1498.9418616927296
53999 1642.6170415230317
54999 1018.2920719917211
55999 1261.3351902611762
56999 -481.8248366338724
57999 1338.6559508250652
58999 -327.29589132582817
59999 1411.8479955140363
60999 1485.5712463014358
61999 1498.4073610638477
62999 1715.9204686123812
63999 1527.2458224189645
64999 206.84983856488668
65999 1695.3980751915662
66999 1692.3710159581203
67999 1390.2900090987675
68999 1217.327242565924
69999 1467.3029709085322
70999 1504.7510704717643
71999 1550.8100328916607
72999 1823.2445144670612
73999 1588.1942991071853
74999 1610.989527753379
75999 1586.1673819644864
76999 1692.275031168011
77999 1938.446835796658
78999 1692.4209477677682
79999 1535.7958813271005
80999 1573.090138390098
81999 1794.1682114201503
82999 1763.2982241479326
83999 1258.0688614848902
84999 1678.6598125018095
85999 1695.3062667428217
86999 1902.461585494126
87999 1762.6714094433155
88999 2052.687579346439
89999 1545.3336775172502
90999 1956.1966773687966
91999 1739.8024785189389
92999 1649.5162646869505
93999 1928.3964596870755
94999 1956.9235915391037
95999 1796.47771037842
96999 1678.1942212099755
97999 1691.6084372172452
98999 2006.5402526763937
99999 1828.5314218060041
100999 1961.2279565059994
101999 2233.913565442413
102999 1860.748079532331
103999 2043.1021108376303
104999 1942.688469616859
105999 1806.1093442555173
106999 1776.4225296334173
107999 1588.8782938827978
108999 1852.059948279971
109999 -174.6522846096093
110999 1835.6748260945612
111999 2281.9580962169703
112999 1891.9344623030572
113999 1350.772633736708
114999 2262.986944271958
115999 1735.5389923748587
116999 1852.5505964687566
117999 1865.401426120944
118999 715.1766653466896
119999 1963.7148086796624
120999 2030.2982153501855
121999 2079.2427779438412
122999 2173.693552199368
123999 2236.523764551182
124999 2369.822231611615
125999 1861.8894248636218
126999 2062.744333081568
127999 1768.574165239505
128999 2327.7328166546176
129999 1835.2101462029937
130999 1880.2636160533104
131999 2296.645010270972
132999 2198.931848551494
133999 2307.9467859559245
134999 1962.7027772771708
135999 2151.10132354142
136999 2218.3758698217507
137999 2294.053239138119
138999 1503.0436205610422
139999 2383.802984617358
140999 2111.1282671836657
141999 1566.892262915757
142999 2123.680892613558
143999 2241.3544164898613
144999 2252.0628943039524
145999 1179.9675465383505
146999 2192.9120700078483
147999 2480.122266808518
148999 2062.6054319638774
149999 735.7089850211809
150999 2257.680980221036
151999 2367.097615822812
152999 2496.3234099164215
153999 2063.597876673473
154999 288.4992176947535
155999 405.78355108390883
156999 2190.1240849801898
157999 1059.1953940333822
158999 2219.086600827505
159999 2240.275326217284
160999 2447.9052157200545
161999 2406.7255546044807
162999 2235.4644976609156
163999 2360.3626694866407
164999 2261.809501588481
165999 2401.080100043745
166999 2539.341174981102
167999 2290.827181215016
168999 2390.6983215582195
169999 2254.1605834157117
170999 2052.975168773151
171999 2272.826272459932
172999 2680.625916470548
173999 1796.2173150780973
174999 2309.093634060684
175999 164.0135531996369
176999 2402.391965069039
177999 1679.9858775858477
178999 2412.3515390389457
179999 2436.3490410416025
180999 2269.1949804352134
181999 2342.197517704041
182999 2346.8446895755237
183999 45.26141938942879
184999 2350.305495708215
185999 2550.342296878104
186999 2244.6506599933887
187999 2541.1640493153104
188999 2502.465261546774
189999 2565.167356448368
190999 2675.679123374958
191999 2614.7815804018387
192999 2861.743585787919
193999 2297.5250151489454
194999 592.0070451507013
195999 2417.6506760276507
196999 2369.7514553187107
197999 2618.305893477227
198999 2679.589251649936
199999 2495.619468140028
200999 2288.2972285898813
201999 2843.6721319913186
202999 2240.623647618519
203999 2527.7322394981697
204999 2535.400236549755
205999 2483.8856619078038
206999 2528.6153125558462
207999 2500.867271657129
208999 2623.4234053215496
209999 2516.2386152225013
210999 2471.2864592938035
211999 2610.7595073648736
212999 2556.104518130617
213999 2498.38131748298
214999 2359.2171256631373
215999 2574.2447620575144
216999 2715.2229349257527
217999 2512.140070097427
218999 2519.319606525246
219999 2363.2182277783972
220999 1722.3194042110451
221999 2564.6346937478625
222999 2495.7566863532634
223999 2458.0933410009516
224999 2843.4603893727185
225999 2630.2812629957452
226999 2424.596193822297
227999 2405.8933528184634
228999 2244.2485636674146
229999 2521.5457576831445
230999 998.4113085922288
231999 2856.3977271495555
232999 2496.628584248277
233999 2675.5682936534367
234999 2315.8650191447127
235999 2454.9222242950586
236999 2584.1745700919782
237999 2517.3101117388214
238999 2866.4631465748835
239999 2584.3746504839532
240999 2515.5685887099557
241999 2673.9086963687137
242999 2601.6712094334016
243999 2796.5419241333298
244999 2306.7029573639193
245999 2179.9295039068897
246999 2641.6112202768636
247999 2790.667591655538
248999 2684.075016068273
249999 2597.344655555488
250999 2302.1681517454754
251999 2176.103059404297
252999 2510.9900134609607
253999 2604.3253385471803
254999 2244.4601406766474
255999 2264.836131513404
256999 414.7152067986026
257999 2529.2783998170776
258999 2730.6202325791805
259999 2636.0282497300486
260999 2055.358449243526
261999 462.73816608895595
262999 2213.0614770785896
263999 238.5635507342265
264999 2794.254291708177
265999 2560.945182059838
266999 786.9701379348505
267999 2636.2948529575133
268999 1996.3651129340922
269999 2883.235435504756
270999 2807.5935948770975
271999 2658.5068405886036
272999 2588.680787183415
273999 2736.8994082965087
274999 2623.823917467887
275999 2763.796189673754
276999 2719.067090702865
277999 2294.8359148383347
278999 2390.0490364142647
279999 68.74478788384002
0 0
