9 10.0
18 9.0
22 4.0
26 4.0
29 3.0
32 3.0
35 3.0
38 3.0
41 3.0
43 2.0
46 3.0
49 3.0
52 3.0
54 2.0
57 3.0
59 2.0
62 3.0
65 3.0
67 2.0
70 3.0
73 3.0
75 2.0
78 3.0
81 3.0
84 3.0
86 2.0
89 3.0
92 3.0
94 2.0
97 3.0
99 2.0
102 3.0
105 3.0
108 3.0
111 3.0
114 3.0
117 3.0
119 2.0
122 3.0
124 2.0
127 3.0
130 3.0
133 3.0
135 2.0
138 3.0
140 2.0
143 3.0
146 3.0
148 2.0
150 2.0
153 3.0
156 3.0
159 3.0
162 3.0
165 3.0
168 3.0
171 3.0
173 2.0
175 2.0
178 3.0
181 3.0
184 3.0
187 3.0
190 3.0
193 3.0
196 3.0
199 3.0
202 3.0
204 2.0
207 3.0
210 3.0
213 3.0
215 2.0
217 2.0
220 3.0
222 2.0
225 3.0
228 3.0
231 3.0
234 3.0
237 3.0
239 2.0
242 3.0
245 3.0
248 3.0
251 3.0
254 3.0
256 2.0
259 3.0
262 3.0
265 3.0
268 3.0
270 2.0
273 3.0
276 3.0
279 3.0
282 3.0
285 3.0
288 3.0
290 2.0
293 3.0
296 3.0
299 3.0
302 3.0
304 2.0
307 3.0
310 3.0
312 2.0
315 3.0
317 2.0
320 3.0
322 2.0
325 3.0
328 3.0
331 3.0
333 2.0
335 2.0
338 3.0
340 2.0
343 3.0
345 2.0
348 3.0
350 2.0
352 2.0
355 3.0
358 3.0
361 3.0
364 3.0
367 3.0
370 3.0
373 3.0
375 2.0
378 3.0
381 3.0
384 3.0
387 3.0
390 3.0
393 3.0
396 3.0
398 2.0
401 3.0
404 3.0
407 3.0
410 3.0
413 3.0
416 3.0
419 3.0
422 3.0
425 3.0
428 3.0
431 3.0
434 3.0
437 3.0
440 3.0
443 3.0
446 3.0
449 3.0
452 3.0
455 3.0
457 2.0
460 3.0
463 3.0
466 3.0
468 2.0
471 3.0
474 3.0
476 2.0
479 3.0
482 3.0
487 5.0
490 3.0
502 12.0
511 9.0
518 7.0
523 5.0
535 12.0
541 6.0
551 10.0
557 6.0
563 6.0
567 4.0
572 5.0
578 6.0
583 5.0
589 6.0
601 12.0
607 6.0
615 8.0
639 24.0
645 6.0
651 6.0
658 7.0
668 10.0
703 35.0
806 103.0
858 52.0
908 50.0
951 43.0
1000 49.0
1051 51.0
1096 45.0
1142 46.0
1196 54.0
1239 43.0
1289 50.0
1335 46.0
1378 43.0
1477 99.0
1542 65.0
1653 111.0
1742 89.0
1806 64.0
1878 72.0
1953 75.0
2014 61.0
2082 68.0
2150 68.0
2207 57.0
2296 89.0
2358 62.0
2462 104.0
2569 107.0
2642 73.0
2694 52.0
2762 68.0
2830 68.0
2902 72.0
2961 59.0
3024 63.0
3082 58.0
3137 55.0
3196 59.0
3264 68.0
3331 67.0
3382 51.0
3443 61.0
3504 61.0
3558 54.0
3615 57.0
3670 55.0
3731 61.0
3785 54.0
3841 56.0
3890 49.0
3942 52.0
3993 51.0
4050 57.0
4108 58.0
4158 50.0
4213 55.0
4266 53.0
4316 50.0
4364 48.0
4419 55.0
4474 55.0
4530 56.0
4577 47.0
4636 59.0
4695 59.0
4752 57.0
4801 49.0
4851 50.0
4909 58.0
4970 61.0
5024 54.0
5099 75.0
5154 55.0
5214 60.0
5267 53.0
5323 56.0
5380 57.0
5440 60.0
5509 69.0
5570 61.0
5623 53.0
5677 54.0
5742 65.0
5797 55.0
5855 58.0
5911 56.0
5969 58.0
6029 60.0
6089 60.0
6144 55.0
6209 65.0
6266 57.0
6326 60.0
6392 66.0
6459 67.0
6533 74.0
6596 63.0
6665 69.0
6739 74.0
6819 80.0
6910 91.0
7007 97.0
7107 100.0
7203 96.0
7331 128.0
7437 106.0
7577 140.0
7704 127.0
7827 123.0
7934 107.0
8078 144.0
8281 203.0
8451 170.0
8637 186.0
9637 1000.0
10637 1000.0
11637 1000.0
12637 1000.0
13637 1000.0
14637 1000.0
15637 1000.0
16637 1000.0
17581 944.0
17836 255.0
18379 543.0
19379 1000.0
20379 1000.0
21379 1000.0
22379 1000.0
23379 1000.0
24379 1000.0
25379 1000.0
25413 34.0
25456 43.0
25509 53.0
25550 41.0
25593 43.0
25631 38.0
25666 35.0
25701 35.0
25738 37.0
25776 38.0
25812 36.0
25857 45.0
25894 37.0
25935 41.0
25964 29.0
26001 37.0
26034 33.0
26056 22.0
26082 26.0
26115 33.0
26145 30.0
26149 4.0
26185 36.0
26222 37.0
26253 31.0
26257 4.0
26288 31.0
26325 37.0
26357 32.0
26393 36.0
26425 32.0
26429 4.0
26458 29.0
26487 29.0
26519 32.0
26548 29.0
26578 30.0
26617 39.0
26651 34.0
26687 36.0
26720 33.0
26754 34.0
26788 34.0
26821 33.0
26856 35.0
26895 39.0
26929 34.0
26936 7.0
26941 5.0
26947 6.0
26978 31.0
27012 34.0
27043 31.0
27076 33.0
27107 31.0
27139 32.0
27175 36.0
27211 36.0
27246 35.0
27278 32.0
27312 34.0
27347 35.0
27382 35.0
27417 35.0
27449 32.0
27482 33.0
27517 35.0
27553 36.0
27588 35.0
27619 31.0
27649 30.0
27680 31.0
27711 31.0
27745 34.0
27777 32.0
27816 39.0
27848 32.0
27876 28.0
27907 31.0
27936 29.0
27966 30.0
28000 34.0
28030 30.0
28034 4.0
28068 34.0
28101 33.0
28131 30.0
28166 35.0
28198 32.0
28229 31.0
28259 30.0
28289 30.0
28321 32.0
28350 29.0
28379 29.0
28410 31.0
28442 32.0
28475 33.0
28480 5.0
28513 33.0
28543 30.0
28577 34.0
28607 30.0
28636 29.0
28666 30.0
28695 29.0
28727 32.0
28760 33.0
28790 30.0
28815 25.0
28841 26.0
28868 27.0
28895 27.0
28922 27.0
28948 26.0
28961 13.0
28988 27.0
29015 27.0
29044 29.0
29072 28.0
29077 5.0
29104 27.0
29108 4.0
29133 25.0
29161 28.0
29185 24.0
29210 25.0
29235 25.0
29263 28.0
29294 31.0
29298 4.0
29326 28.0
29353 27.0
29380 27.0
29410 30.0
29440 30.0
29468 28.0
29498 30.0
29526 28.0
29551 25.0
29555 4.0
29579 24.0
29605 26.0
29630 25.0
29658 28.0
29682 24.0
29709 27.0
29734 25.0
29757 23.0
29782 25.0
29806 24.0
29831 25.0
29856 25.0
29879 23.0
29908 29.0
29933 25.0
29955 22.0
29980 25.0
30008 28.0
30012 4.0
30038 26.0
30063 25.0
30085 22.0
30114 29.0
30141 27.0
30168 27.0
30191 23.0
30216 25.0
30240 24.0
30263 23.0
30287 24.0
30311 24.0
30336 25.0
30359 23.0
30382 23.0
30404 22.0
30430 26.0
30455 25.0
30477 22.0
30500 23.0
30521 21.0
30545 24.0
30567 22.0
30587 20.0
30613 26.0
30637 24.0
30664 27.0
30687 23.0
30710 23.0
30731 21.0
30752 21.0
30771 19.0
30793 22.0
30815 22.0
30837 22.0
30859 22.0
30881 22.0
30903 22.0
30926 23.0
30949 23.0
30968 19.0
30992 24.0
30995 3.0
31019 24.0
31022 3.0
31044 22.0
31066 22.0
31086 20.0
31108 22.0
31130 22.0
31149 19.0
31172 23.0
31193 21.0
31215 22.0
31239 24.0
31262 23.0
31282 20.0
31304 22.0
31328 24.0
31350 22.0
31376 26.0
31398 22.0
31421 23.0
31444 23.0
31466 22.0
31487 21.0
31512 25.0
31537 25.0
31558 21.0
31580 22.0
31603 23.0
31628 25.0
31650 22.0
31671 21.0
31694 23.0
31716 22.0
31735 19.0
31751 16.0
31772 21.0
31797 25.0
31819 22.0
31844 25.0
31869 25.0
31887 18.0
31908 21.0
31928 20.0
31949 21.0
31968 19.0
31990 22.0
32012 22.0
32036 24.0
32056 20.0
32079 23.0
32100 21.0
32121 21.0
32144 23.0
32164 20.0
32185 21.0
32207 22.0
32228 21.0
32250 22.0
32270 20.0
32294 24.0
32314 20.0
32340 26.0
32366 26.0
32388 22.0
32414 26.0
32435 21.0
32455 20.0
32480 25.0
32504 24.0
32529 25.0
32549 20.0
32568 19.0
32592 24.0
32619 27.0
32644 25.0
32677 33.0
32695 18.0
32721 26.0
32752 31.0
32775 23.0
32807 32.0
32831 24.0
32853 22.0
32881 28.0
32916 35.0
32943 27.0
32972 29.0
32993 21.0
33022 29.0
33056 34.0
33093 37.0
33123 30.0
33148 25.0
33188 40.0
33211 23.0
33252 41.0
33341 89.0
33376 35.0
33420 44.0
33443 23.0
33446 3.0
33483 37.0
34483 1000.0
34490 7.0
34494 4.0
34498 4.0
34503 5.0
35503 1000.0
35509 6.0
35513 4.0
36513 1000.0
37513 1000.0
37877 364.0
38086 209.0
39086 1000.0
40086 1000.0
40325 239.0
40329 4.0
40628 299.0
40724 96.0
40834 110.0
40875 41.0
40952 77.0
40973 21.0
41030 57.0
41086 56.0
41103 17.0
41111 8.0
41143 32.0
41211 68.0
41294 83.0
41414 120.0
41460 46.0
41696 236.0
41751 55.0
42186 435.0
42213 27.0
42218 5.0
42292 74.0
42543 251.0
42610 67.0
42939 329.0
43332 393.0
43407 75.0
43489 82.0
43555 66.0
43738 183.0
44063 325.0
44141 78.0
44200 59.0
44309 109.0
44399 90.0
44412 13.0
44826 414.0
45040 214.0
45176 136.0
45284 108.0
45394 110.0
45449 55.0
45524 75.0
45616 92.0
45680 64.0
45729 49.0
45740 11.0
45808 68.0
45817 9.0
45830 13.0
45842 12.0
45859 17.0
45912 53.0
45953 41.0
45997 44.0
46040 43.0
46077 37.0
46086 9.0
46094 8.0
46134 40.0
46152 18.0
46160 8.0
46199 39.0
46208 9.0
46212 4.0
46220 8.0
46227 7.0
46275 48.0
46283 8.0
46322 39.0
46364 42.0
46404 40.0
46440 36.0
46481 41.0
46519 38.0
46562 43.0
46601 39.0
46640 39.0
46679 39.0
46683 4.0
46719 36.0
46758 39.0
46764 6.0
46801 37.0
46840 39.0
46881 41.0
46885 4.0
46924 39.0
46962 38.0
46966 4.0
46971 5.0
47011 40.0
47015 4.0
47019 4.0
47057 38.0
47097 40.0
47103 6.0
47143 40.0
47180 37.0
47184 4.0
47223 39.0
47263 40.0
47303 40.0
47341 38.0
47345 4.0
47388 43.0
47396 8.0
47433 37.0
47474 41.0
47512 38.0
47555 43.0
47597 42.0
47637 40.0
47678 41.0
47715 37.0
47753 38.0
47794 41.0
47832 38.0
47876 44.0
47916 40.0
47957 41.0
47999 42.0
48038 39.0
48078 40.0
48119 41.0
48161 42.0
48207 46.0
48246 39.0
48286 40.0
48330 44.0
48374 44.0
48412 38.0
48454 42.0
48498 44.0
48538 40.0
48579 41.0
48583 4.0
48622 39.0
48663 41.0
48707 44.0
48745 38.0
48786 41.0
48826 40.0
48865 39.0
48908 43.0
48948 40.0
48986 38.0
49026 40.0
49066 40.0
49109 43.0
49154 45.0
49194 40.0
49234 40.0
49275 41.0
49315 40.0
49356 41.0
49396 40.0
49440 44.0
49478 38.0
49482 4.0
49522 40.0
49540 18.0
49579 39.0
49622 43.0
49657 35.0
49699 42.0
49740 41.0
49782 42.0
49821 39.0
49865 44.0
49905 40.0
49953 48.0
49994 41.0
50034 40.0
50083 49.0
50128 45.0
50172 44.0
50214 42.0
50257 43.0
50297 40.0
50342 45.0
50388 46.0
50435 47.0
50482 47.0
50528 46.0
50570 42.0
50614 44.0
50662 48.0
50707 45.0
50752 45.0
50795 43.0
50839 44.0
50881 42.0
50923 42.0
50972 49.0
51016 44.0
51058 42.0
51095 37.0
51134 39.0
51178 44.0
51220 42.0
51263 43.0
51309 46.0
51349 40.0
51399 50.0
51449 50.0
51492 43.0
51527 35.0
51572 45.0
51611 39.0
51653 42.0
51693 40.0
51734 41.0
51782 48.0
51823 41.0
51867 44.0
51909 42.0
51950 41.0
51996 46.0
52041 45.0
52084 43.0
52131 47.0
52177 46.0
52225 48.0
52269 44.0
52316 47.0
52362 46.0
52412 50.0
52466 54.0
52522 56.0
52587 65.0
52645 58.0
53645 1000.0
54645 1000.0
55645 1000.0
56645 1000.0
57645 1000.0
58645 1000.0
59645 1000.0
60645 1000.0
61645 1000.0
62645 1000.0
63645 1000.0
64645 1000.0
65645 1000.0
66645 1000.0
66806 161.0
67806 1000.0
68806 1000.0
69806 1000.0
70106 300.0
70284 178.0
71284 1000.0
71610 326.0
72073 463.0
72673 600.0
73479 806.0
74479 1000.0
74600 121.0
74647 47.0
74797 150.0
74876 79.0
75876 1000.0
76154 278.0
76238 84.0
76293 55.0
76337 44.0
76348 11.0
76388 40.0
76433 45.0
76474 41.0
76534 60.0
76581 47.0
76585 4.0
76633 48.0
76678 45.0
76733 55.0
76781 48.0
76836 55.0
76879 43.0
77879 1000.0
77926 47.0
77977 51.0
78025 48.0
78076 51.0
78136 60.0
78178 42.0
78225 47.0
78276 51.0
78339 63.0
78388 49.0
78438 50.0
79438 1000.0
80438 1000.0
80474 36.0
80528 54.0
80544 16.0
81544 1000.0
82544 1000.0
83544 1000.0
84544 1000.0
84807 263.0
85105 298.0
86105 1000.0
87105 1000.0
88105 1000.0
88948 843.0
89948 1000.0
90948 1000.0
90952 4.0
91643 691.0
92643 1000.0
92647 4.0
93175 528.0
94175 1000.0
94540 365.0
94777 237.0
94904 127.0
95641 737.0
95804 163.0
96652 848.0
97548 896.0
97619 71.0
97744 125.0
98513 769.0
98682 169.0
98866 184.0
99509 643.0
99887 378.0
0 0
4 5.0
9 5.0
15 6.0
18 3.0
22 4.0
27 5.0
30 3.0
33 3.0
36 3.0
39 3.0
42 3.0
45 3.0
48 3.0
51 3.0
53 2.0
55 2.0
58 3.0
61 3.0
64 3.0
67 3.0
70 3.0
73 3.0
75 2.0
78 3.0
81 3.0
84 3.0
86 2.0
89 3.0
91 2.0
94 3.0
97 3.0
100 3.0
103 3.0
106 3.0
109 3.0
112 3.0
115 3.0
118 3.0
121 3.0
124 3.0
127 3.0
129 2.0
131 2.0
134 3.0
137 3.0
140 3.0
143 3.0
146 3.0
149 3.0
152 3.0
155 3.0
158 3.0
161 3.0
164 3.0
167 3.0
169 2.0
171 2.0
173 2.0
176 3.0
179 3.0
182 3.0
184 2.0
187 3.0
190 3.0
193 3.0
196 3.0
198 2.0
200 2.0
202 2.0
205 3.0
208 3.0
211 3.0
214 3.0
217 3.0
220 3.0
223 3.0
226 3.0
228 2.0
231 3.0
234 3.0
237 3.0
240 3.0
242 2.0
245 3.0
248 3.0
251 3.0
253 2.0
256 3.0
259 3.0
262 3.0
265 3.0
268 3.0
271 3.0
274 3.0
277 3.0
280 3.0
283 3.0
286 3.0
289 3.0
292 3.0
294 2.0
296 2.0
298 2.0
301 3.0
304 3.0
306 2.0
309 3.0
312 3.0
315 3.0
318 3.0
321 3.0
323 2.0
326 3.0
329 3.0
332 3.0
334 2.0
337 3.0
340 3.0
343 3.0
346 3.0
349 3.0
352 3.0
355 3.0
357 2.0
360 3.0
363 3.0
366 3.0
368 2.0
371 3.0
374 3.0
377 3.0
379 2.0
381 2.0
383 2.0
386 3.0
389 3.0
391 2.0
394 3.0
396 2.0
399 3.0
402 3.0
405 3.0
408 3.0
411 3.0
415 4.0
421 6.0
429 8.0
479 50.0
488 9.0
500 12.0
550 50.0
654 104.0
724 70.0
801 77.0
860 59.0
907 47.0
956 49.0
1012 56.0
1057 45.0
1106 49.0
1158 52.0
1210 52.0
1267 57.0
1312 45.0
1349 37.0
1399 50.0
1457 58.0
1504 47.0
1557 53.0
1600 43.0
1654 54.0
1704 50.0
1749 45.0
1819 70.0
1878 59.0
1937 59.0
1992 55.0
2055 63.0
2112 57.0
2167 55.0
2218 51.0
2280 62.0
2347 67.0
2421 74.0
2478 57.0
2527 49.0
2588 61.0
2637 49.0
2691 54.0
2748 57.0
2797 49.0
2850 53.0
2895 45.0
2947 52.0
3023 76.0
3075 52.0
3134 59.0
3191 57.0
3253 62.0
3303 50.0
3412 109.0
3468 56.0
3532 64.0
3577 45.0
3632 55.0
3689 57.0
3748 59.0
3815 67.0
3873 58.0
3924 51.0
3983 59.0
4033 50.0
4097 64.0
4155 58.0
4206 51.0
4255 49.0
4301 46.0
4346 45.0
4390 44.0
4444 54.0
4488 44.0
4544 56.0
4599 55.0
4642 43.0
4683 41.0
4728 45.0
4772 44.0
4820 48.0
4876 56.0
4919 43.0
4973 54.0
5019 46.0
5067 48.0
5115 48.0
5169 54.0
5220 51.0
5260 40.0
5304 44.0
5348 44.0
5395 47.0
5442 47.0
5492 50.0
5535 43.0
5576 41.0
5624 48.0
5672 48.0
5720 48.0
5766 46.0
5817 51.0
5869 52.0
5912 43.0
5955 43.0
5998 43.0
6040 42.0
6088 48.0
6132 44.0
6185 53.0
6231 46.0
6268 37.0
6313 45.0
6361 48.0
6407 46.0
6459 52.0
6506 47.0
6554 48.0
6594 40.0
6644 50.0
6691 47.0
6742 51.0
6790 48.0
6831 41.0
6877 46.0
6917 40.0
6969 52.0
7014 45.0
7067 53.0
7117 50.0
7167 50.0
7215 48.0
7258 43.0
7307 49.0
7363 56.0
7426 63.0
7474 48.0
7537 63.0
7595 58.0
7656 61.0
7721 65.0
7800 79.0
7883 83.0
7982 99.0
8076 94.0
8184 108.0
8346 162.0
8516 170.0
8699 183.0
8935 236.0
9129 194.0
9333 204.0
10333 1000.0
11333 1000.0
12333 1000.0
13333 1000.0
14333 1000.0
15333 1000.0
16333 1000.0
17333 1000.0
18333 1000.0
18569 236.0
18820 251.0
19820 1000.0
19877 57.0
19940 63.0
20080 140.0
20084 4.0
20140 56.0
20384 244.0
20390 6.0
20456 66.0
20506 50.0
20514 8.0
20565 51.0
20615 50.0
20665 50.0
20715 50.0
20722 7.0
20772 50.0
20775 3.0
20824 49.0
20872 48.0
20923 51.0
20971 48.0
21019 48.0
21070 51.0
21121 51.0
21166 45.0
21217 51.0
21264 47.0
21315 51.0
21361 46.0
21411 50.0
21453 42.0
21497 44.0
21545 48.0
21590 45.0
21634 44.0
21679 45.0
21722 43.0
21763 41.0
21810 47.0
21854 44.0
21898 44.0
21912 14.0
21953 41.0
21965 12.0
22009 44.0
22058 49.0
22102 44.0
22148 46.0
22152 4.0
22195 43.0
22240 45.0
22285 45.0
22325 40.0
22329 4.0
22373 44.0
22416 43.0
22461 45.0
22472 11.0
22514 42.0
22556 42.0
22601 45.0
22645 44.0
22686 41.0
22730 44.0
22773 43.0
22813 40.0
22854 41.0
22893 39.0
22935 42.0
22973 38.0
23009 36.0
23050 41.0
23091 41.0
23131 40.0
23173 42.0
23215 42.0
23255 40.0
23295 40.0
23337 42.0
23378 41.0
23382 4.0
23423 41.0
23463 40.0
23505 42.0
23544 39.0
23583 39.0
23625 42.0
23663 38.0
23706 43.0
23747 41.0
23790 43.0
23830 40.0
23871 41.0
23875 4.0
23881 6.0
23921 40.0
23960 39.0
24003 43.0
24041 38.0
24083 42.0
24126 43.0
24168 42.0
24208 40.0
24249 41.0
24288 39.0
24329 41.0
24369 40.0
24410 41.0
24419 9.0
24425 6.0
24429 4.0
24471 42.0
24475 4.0
24518 43.0
24522 4.0
24564 42.0
24607 43.0
24648 41.0
24691 43.0
24734 43.0
24777 43.0
24781 4.0
24827 46.0
24872 45.0
24911 39.0
24955 44.0
25001 46.0
25041 40.0
25080 39.0
25118 38.0
25160 42.0
25197 37.0
25206 9.0
25247 41.0
25289 42.0
25329 40.0
25363 34.0
25407 44.0
25508 101.0
25563 55.0
25610 47.0
25714 104.0
25787 73.0
25898 111.0
25964 66.0
26040 76.0
26106 66.0
26174 68.0
26224 50.0
26293 69.0
26368 75.0
26463 95.0
26517 54.0
26544 27.0
26579 35.0
26772 193.0
26807 35.0
27137 330.0
27187 50.0
27233 46.0
27291 58.0
28291 1000.0
28295 4.0
28299 4.0
29299 1000.0
30299 1000.0
31299 1000.0
32299 1000.0
33299 1000.0
34299 1000.0
35299 1000.0
35381 82.0
35470 89.0
35560 90.0
35647 87.0
35735 88.0
36735 1000.0
36828 93.0
37741 913.0
38741 1000.0
39087 346.0
39090 3.0
39165 75.0
39231 66.0
39295 64.0
39643 348.0
39706 63.0
40706 1000.0
40801 95.0
41259 458.0
42259 1000.0
43259 1000.0
44259 1000.0
45259 1000.0
46259 1000.0
47259 1000.0
48259 1000.0
48669 410.0
48951 282.0
49824 873.0
49938 114.0
50059 121.0
50280 221.0
50382 102.0
50538 156.0
50553 15.0
50556 3.0
50618 62.0
50734 116.0
50865 131.0
50891 26.0
51084 193.0
51410 326.0
51611 201.0
51648 37.0
51692 44.0
51821 129.0
51828 7.0
51863 35.0
52005 142.0
52037 32.0
52100 63.0
52104 4.0
52112 8.0
52116 4.0
52120 4.0
52172 52.0
52903 731.0
52910 7.0
52953 43.0
52961 8.0
52968 7.0
52973 5.0
52980 7.0
53122 142.0
53305 183.0
53358 53.0
53413 55.0
54413 1000.0
54504 91.0
54799 295.0
54878 79.0
55058 180.0
55239 181.0
55312 73.0
55397 85.0
55403 6.0
55554 151.0
55633 79.0
55720 87.0
55809 89.0
55901 92.0
55982 81.0
56133 151.0
56426 293.0
57426 1000.0
57451 25.0
58451 1000.0
59451 1000.0
60451 1000.0
60464 13.0
60512 48.0
60560 48.0
60568 8.0
60598 30.0
61598 1000.0
62588 990.0
63588 1000.0
64588 1000.0
64592 4.0
65592 1000.0
65861 269.0
66440 579.0
66553 113.0
66807 254.0
66811 4.0
67109 298.0
68109 1000.0
69109 1000.0
70109 1000.0
71109 1000.0
72109 1000.0
73109 1000.0
74109 1000.0
75109 1000.0
76109 1000.0
76256 147.0
76785 529.0
77198 413.0
78198 1000.0
78236 38.0
78287 51.0
78360 73.0
79360 1000.0
79363 3.0
79412 49.0
79459 47.0
79463 4.0
79498 35.0
79558 60.0
80558 1000.0
81558 1000.0
82558 1000.0
83558 1000.0
84558 1000.0
84565 7.0
84569 4.0
84961 392.0
84974 13.0
85974 1000.0
85978 4.0
86978 1000.0
87978 1000.0
88978 1000.0
89978 1000.0
90012 34.0
90058 46.0
90109 51.0
91109 1000.0
91173 64.0
92173 1000.0
92213 40.0
92264 51.0
92329 65.0
92375 46.0
93375 1000.0
93415 40.0
93453 38.0
93482 29.0
93540 58.0
93595 55.0
93649 54.0
93709 60.0
94535 826.0
94703 168.0
94715 12.0
94842 127.0
94998 156.0
95515 517.0
96094 579.0
96155 61.0
96210 55.0
96513 303.0
97152 639.0
97316 164.0
97435 119.0
97593 158.0
97778 185.0
97918 140.0
98192 274.0
99192 1000.0
0 0
6 7.0
10 4.0
16 6.0
19 3.0
22 3.0
25 3.0
28 3.0
31 3.0
34 3.0
37 3.0
39 2.0
42 3.0
45 3.0
47 2.0
50 3.0
53 3.0
56 3.0
58 2.0
61 3.0
64 3.0
67 3.0
70 3.0
73 3.0
76 3.0
78 2.0
81 3.0
84 3.0
86 2.0
89 3.0
92 3.0
95 3.0
98 3.0
100 2.0
103 3.0
106 3.0
109 3.0
112 3.0
115 3.0
118 3.0
121 3.0
124 3.0
126 2.0
129 3.0
132 3.0
135 3.0
138 3.0
141 3.0
144 3.0
147 3.0
150 3.0
153 3.0
156 3.0
159 3.0
162 3.0
165 3.0
168 3.0
170 2.0
173 3.0
176 3.0
178 2.0
181 3.0
183 2.0
186 3.0
189 3.0
192 3.0
195 3.0
198 3.0
201 3.0
204 3.0
206 2.0
209 3.0
211 2.0
213 2.0
215 2.0
217 2.0
219 2.0
222 3.0
225 3.0
228 3.0
230 2.0
233 3.0
236 3.0
239 3.0
242 3.0
244 2.0
247 3.0
250 3.0
253 3.0
256 3.0
259 3.0
261 2.0
263 2.0
266 3.0
268 2.0
271 3.0
274 3.0
277 3.0
280 3.0
283 3.0
286 3.0
289 3.0
292 3.0
294 2.0
297 3.0
300 3.0
302 2.0
305 3.0
308 3.0
311 3.0
314 3.0
316 2.0
319 3.0
322 3.0
324 2.0
327 3.0
330 3.0
333 3.0
336 3.0
339 3.0
341 2.0
344 3.0
347 3.0
350 3.0
353 3.0
356 3.0
359 3.0
362 3.0
365 3.0
368 3.0
371 3.0
374 3.0
382 8.0
392 10.0
406 14.0
428 22.0
434 6.0
438 4.0
442 4.0
451 9.0
468 17.0
477 9.0
521 44.0
560 39.0
635 75.0
718 83.0
813 95.0
875 62.0
915 40.0
961 46.0
1016 55.0
1083 67.0
1166 83.0
1343 177.0
1482 139.0
1563 81.0
1630 67.0
1825 195.0
1896 71.0
1967 71.0
2057 90.0
2134 77.0
2210 76.0
2283 73.0
2361 78.0
2425 64.0
2486 61.0
2553 67.0
2622 69.0
2677 55.0
2745 68.0
2813 68.0
2900 87.0
2965 65.0
3051 86.0
3127 76.0
3189 62.0
3258 69.0
3313 55.0
3381 68.0
3445 64.0
3498 53.0
3580 82.0
3635 55.0
3702 67.0
3769 67.0
3858 89.0
3917 59.0
3987 70.0
4055 68.0
4100 45.0
4156 56.0
4206 50.0
4266 60.0
4333 67.0
4395 62.0
4447 52.0
4490 43.0
4545 55.0
4601 56.0
4659 58.0
4724 65.0
4813 89.0
4867 54.0
4924 57.0
4977 53.0
5043 66.0
5089 46.0
5147 58.0
5198 51.0
5244 46.0
5303 59.0
5361 58.0
5431 70.0
5487 56.0
5537 50.0
5643 106.0
5761 118.0
5825 64.0
5884 59.0
5950 66.0
6012 62.0
6098 86.0
6173 75.0
6245 72.0
6306 61.0
6376 70.0
6440 64.0
6501 61.0
6565 64.0
6629 64.0
6709 80.0
6793 84.0
6869 76.0
6958 89.0
7036 78.0
7118 82.0
7291 173.0
7369 78.0
7491 122.0
7575 84.0
7664 89.0
7729 65.0
7826 97.0
7908 82.0
7997 89.0
8070 73.0
8152 82.0
8235 83.0
8326 91.0
8398 72.0
8485 87.0
8580 95.0
8674 94.0
8782 108.0
8925 143.0
9025 100.0
9168 143.0
9350 182.0
9454 104.0
9575 121.0
9820 245.0
9894 74.0
10599 705.0
10676 77.0
10755 79.0
10820 65.0
10894 74.0
10957 63.0
11015 58.0
11067 52.0
11139 72.0
11207 68.0
11272 65.0
11329 57.0
11384 55.0
11443 59.0
11501 58.0
11561 60.0
11615 54.0
11672 57.0
11733 61.0
11794 61.0
11851 57.0
11918 67.0
11992 74.0
12064 72.0
12118 54.0
12184 66.0
12263 79.0
12329 66.0
12386 57.0
12453 67.0
12511 58.0
12578 67.0
12644 66.0
12702 58.0
12764 62.0
12833 69.0
12898 65.0
12963 65.0
13030 67.0
13099 69.0
13170 71.0
13239 69.0
13304 65.0
13373 69.0
13434 61.0
13503 69.0
13569 66.0
13638 69.0
13690 52.0
13764 74.0
13836 72.0
13897 61.0
13968 71.0
14047 79.0
14130 83.0
14211 81.0
14284 73.0
14360 76.0
14429 69.0
14515 86.0
14615 100.0
14699 84.0
14779 80.0
14852 73.0
14920 68.0
15012 92.0
15120 108.0
15205 85.0
15296 91.0
15390 94.0
15492 102.0
15593 101.0
15684 91.0
15777 93.0
15901 124.0
16032 131.0
16158 126.0
16347 189.0
16714 367.0
17005 291.0
18005 1000.0
19005 1000.0
20005 1000.0
21005 1000.0
22005 1000.0
22538 533.0
22862 324.0
23025 163.0
23162 137.0
23464 302.0
23665 201.0
23760 95.0
23994 234.0
24228 234.0
25228 1000.0
25257 29.0
25622 365.0
25684 62.0
25743 59.0
25826 83.0
25914 88.0
25984 70.0
26094 110.0
26158 64.0
26252 94.0
26301 49.0
26330 29.0
26394 64.0
26460 66.0
26607 147.0
26657 50.0
26752 95.0
26778 26.0
26841 63.0
26848 7.0
26894 46.0
26911 17.0
26958 47.0
26968 10.0
27006 38.0
27054 48.0
27100 46.0
27112 12.0
27160 48.0
27207 47.0
27260 53.0
27313 53.0
27552 239.0
27632 80.0
27749 117.0
27850 101.0
27951 101.0
28009 58.0
28022 13.0
28124 102.0
28161 37.0
28238 77.0
28305 67.0
28398 93.0
28486 88.0
28586 100.0
28678 92.0
28683 5.0
28765 82.0
28993 228.0
29089 96.0
29261 172.0
29341 80.0
30341 1000.0
31341 1000.0
32341 1000.0
33341 1000.0
34341 1000.0
35162 821.0
35211 49.0
35257 46.0
35293 36.0
35305 12.0
35313 8.0
35327 14.0
35333 6.0
35339 6.0
35377 38.0
35414 37.0
35418 4.0
35457 39.0
35465 8.0
35470 5.0
35485 15.0
35522 37.0
35526 4.0
35565 39.0
35580 15.0
35585 5.0
35623 38.0
35627 4.0
35665 38.0
35669 4.0
35708 39.0
35749 41.0
35787 38.0
35793 6.0
35799 6.0
35837 38.0
35843 6.0
35875 32.0
35888 13.0
35897 9.0
35936 39.0
35940 4.0
35946 6.0
35957 11.0
35961 4.0
35968 7.0
35978 10.0
35982 4.0
35996 14.0
36032 36.0
36037 5.0
36041 4.0
36081 40.0
36085 4.0
36095 10.0
36099 4.0
36103 4.0
36112 9.0
36153 41.0
36193 40.0
36226 33.0
36262 36.0
36313 51.0
36327 14.0
36360 33.0
36368 8.0
36407 39.0
36442 35.0
36472 30.0
36485 13.0
36523 38.0
36555 32.0
36559 4.0
36576 17.0
36582 6.0
36588 6.0
36621 33.0
36636 15.0
36654 18.0
36695 41.0
36708 13.0
36724 16.0
36730 6.0
36745 15.0
36789 44.0
36793 4.0
36801 8.0
36816 15.0
37000 184.0
37004 4.0
37066 62.0
37104 38.0
37125 21.0
37129 4.0
37142 13.0
37157 15.0
37255 98.0
37433 178.0
38099 666.0
39099 1000.0
39231 132.0
39837 606.0
39926 89.0
40086 160.0
40172 86.0
40447 275.0
40492 45.0
40509 17.0
40539 30.0
40998 459.0
41109 111.0
41114 5.0
41130 16.0
41136 6.0
41242 106.0
41246 4.0
41305 59.0
41309 4.0
41319 10.0
41323 4.0
41364 41.0
41666 302.0
41732 66.0
41983 251.0
42189 206.0
42277 88.0
42442 165.0
42446 4.0
42450 4.0
42629 179.0
42634 5.0
42638 4.0
42648 10.0
42690 42.0
43690 1000.0
44690 1000.0
45690 1000.0
46331 641.0
47331 1000.0
47804 473.0
47942 138.0
48505 563.0
49505 1000.0
50505 1000.0
51505 1000.0
52505 1000.0
53505 1000.0
54505 1000.0
55505 1000.0
56505 1000.0
57505 1000.0
58505 1000.0
59505 1000.0
59708 203.0
59797 89.0
59846 49.0
59887 41.0
59939 52.0
60295 356.0
60333 38.0
60409 76.0
60457 48.0
60553 96.0
60727 174.0
60857 130.0
61857 1000.0
62857 1000.0
63857 1000.0
64857 1000.0
65857 1000.0
66857 1000.0
67857 1000.0
68857 1000.0
69015 158.0
69292 277.0
70292 1000.0
70296 4.0
71296 1000.0
71336 40.0
72336 1000.0
73336 1000.0
74336 1000.0
75336 1000.0
76336 1000.0
77336 1000.0
78336 1000.0
79336 1000.0
80336 1000.0
81336 1000.0
82336 1000.0
82360 24.0
83179 819.0
83249 70.0
83398 149.0
83452 54.0
84452 1000.0
84495 43.0
84531 36.0
84567 36.0
84624 57.0
84780 156.0
85124 344.0
86124 1000.0
86269 145.0
86827 558.0
87271 444.0
87779 508.0
87924 145.0
88019 95.0
88089 70.0
88158 69.0
89158 1000.0
89220 62.0
89470 250.0
89754 284.0
89963 209.0
90069 106.0
90309 240.0
90481 172.0
90655 174.0
91655 1000.0
92655 1000.0
92661 6.0
92712 51.0
92718 6.0
93718 1000.0
93728 10.0
94728 1000.0
94735 7.0
95735 1000.0
96735 1000.0
96744 9.0
96750 6.0
97750 1000.0
97754 4.0
98476 722.0
99050 574.0
0 0
4 5.0
7 3.0
12 5.0
16 4.0
19 3.0
22 3.0
25 3.0
28 3.0
31 3.0
34 3.0
37 3.0
40 3.0
42 2.0
45 3.0
48 3.0
51 3.0
54 3.0
57 3.0
60 3.0
63 3.0
66 3.0
69 3.0
72 3.0
75 3.0
78 3.0
80 2.0
82 2.0
84 2.0
86 2.0
89 3.0
92 3.0
95 3.0
98 3.0
101 3.0
104 3.0
107 3.0
110 3.0
113 3.0
116 3.0
118 2.0
121 3.0
124 3.0
127 3.0
129 2.0
132 3.0
135 3.0
138 3.0
140 2.0
143 3.0
146 3.0
148 2.0
151 3.0
154 3.0
156 2.0
159 3.0
161 2.0
164 3.0
167 3.0
169 2.0
172 3.0
175 3.0
177 2.0
180 3.0
182 2.0
185 3.0
188 3.0
191 3.0
194 3.0
197 3.0
200 3.0
202 2.0
205 3.0
207 2.0
209 2.0
212 3.0
214 2.0
217 3.0
220 3.0
222 2.0
224 2.0
226 2.0
228 2.0
230 2.0
233 3.0
236 3.0
239 3.0
242 3.0
245 3.0
248 3.0
251 3.0
253 2.0
256 3.0
259 3.0
261 2.0
264 3.0
266 2.0
269 3.0
271 2.0
274 3.0
277 3.0
280 3.0
283 3.0
285 2.0
288 3.0
291 3.0
294 3.0
296 2.0
299 3.0
302 3.0
305 3.0
308 3.0
311 3.0
314 3.0
324 10.0
327 3.0
330 3.0
333 3.0
336 3.0
339 3.0
342 3.0
345 3.0
348 3.0
350 2.0
353 3.0
356 3.0
358 2.0
361 3.0
364 3.0
366 2.0
368 2.0
371 3.0
374 3.0
377 3.0
380 3.0
382 2.0
385 3.0
388 3.0
391 3.0
393 2.0
396 3.0
399 3.0
401 2.0
403 2.0
406 3.0
409 3.0
412 3.0
415 3.0
418 3.0
421 3.0
424 3.0
427 3.0
430 3.0
433 3.0
436 3.0
439 3.0
442 3.0
445 3.0
448 3.0
451 3.0
454 3.0
457 3.0
460 3.0
463 3.0
466 3.0
469 3.0
472 3.0
477 5.0
484 7.0
494 10.0
511 17.0
524 13.0
538 14.0
549 11.0
561 12.0
578 17.0
595 17.0
623 28.0
649 26.0
666 17.0
678 12.0
705 27.0
719 14.0
736 17.0
765 29.0
794 29.0
818 24.0
835 17.0
868 33.0
905 37.0
919 14.0
939 20.0
955 16.0
972 17.0
991 19.0
1000 9.0
1011 11.0
1032 21.0
1055 23.0
1076 21.0
1095 19.0
1109 14.0
1130 21.0
1146 16.0
1165 19.0
1181 16.0
1193 12.0
1208 15.0
1232 24.0
1252 20.0
1284 32.0
1320 36.0
1342 22.0
1383 41.0
1463 80.0
1501 38.0
1527 26.0
1547 20.0
1561 14.0
1584 23.0
1618 34.0
1642 24.0
1666 24.0
1703 37.0
1772 69.0
1805 33.0
1838 33.0
1889 51.0
1937 48.0
2009 72.0
2060 51.0
2116 56.0
2188 72.0
2278 90.0
2345 67.0
2409 64.0
2501 92.0
2570 69.0
2635 65.0
2710 75.0
2788 78.0
2858 70.0
2932 74.0
2999 67.0
3085 86.0
3155 70.0
3232 77.0
3293 61.0
3369 76.0
3476 107.0
3580 104.0
3671 91.0
3801 130.0
3897 96.0
3995 98.0
4096 101.0
4233 137.0
4306 73.0
4472 166.0
4590 118.0
4685 95.0
4775 90.0
4879 104.0
4973 94.0
5059 86.0
5153 94.0
5276 123.0
5376 100.0
5511 135.0
5619 108.0
5703 84.0
5847 144.0
5955 108.0
6035 80.0
6113 78.0
6200 87.0
6289 89.0
6374 85.0
6466 92.0
6549 83.0
6640 91.0
6736 96.0
6851 115.0
6969 118.0
7071 102.0
7204 133.0
7314 110.0
7439 125.0
7616 177.0
7766 150.0
7902 136.0
8046 144.0
8231 185.0
8377 146.0
8562 185.0
9562 1000.0
10562 1000.0
11562 1000.0
12327 765.0
12414 87.0
12488 74.0
12525 37.0
13218 693.0
13611 393.0
14223 612.0
14994 771.0
15994 1000.0
16994 1000.0
17356 362.0
17432 76.0
17467 35.0
17547 80.0
17557 10.0
17566 9.0
17572 6.0
17583 11.0
17802 219.0
17994 192.0
18159 165.0
18697 538.0
19006 309.0
19050 44.0
19097 47.0
19155 58.0
19161 6.0
19209 48.0
19295 86.0
19303 8.0
19367 64.0
19473 106.0
19756 283.0
19820 64.0
20676 856.0
21676 1000.0
22676 1000.0
23383 707.0
24383 1000.0
25383 1000.0
26383 1000.0
27383 1000.0
28383 1000.0
29383 1000.0
30383 1000.0
31383 1000.0
32383 1000.0
33383 1000.0
34383 1000.0
35296 913.0
36296 1000.0
36563 267.0
37522 959.0
38158 636.0
39158 1000.0
39696 538.0
40696 1000.0
41696 1000.0
42696 1000.0
43696 1000.0
44696 1000.0
45696 1000.0
46616 920.0
47616 1000.0
47707 91.0
48707 1000.0
49191 484.0
49202 11.0
49662 460.0
50114 452.0
50220 106.0
50224 4.0
50228 4.0
50289 61.0
50356 67.0
50360 4.0
50470 110.0
50644 174.0
50798 154.0
50805 7.0
50809 4.0
50899 90.0
51188 289.0
51194 6.0
51334 140.0
51345 11.0
51401 56.0
51553 152.0
51864 311.0
51921 57.0
52233 312.0
52361 128.0
53361 1000.0
54361 1000.0
55361 1000.0
56361 1000.0
57361 1000.0
58361 1000.0
58457 96.0
58461 4.0
58465 4.0
58554 89.0
58770 216.0
58812 42.0
59048 236.0
59058 10.0
59068 10.0
59074 6.0
59165 91.0
59169 4.0
59211 42.0
59303 92.0
59307 4.0
59316 9.0
59400 84.0
59485 85.0
59568 83.0
59705 137.0
59709 4.0
59746 37.0
59824 78.0
59912 88.0
60165 253.0
60171 6.0
60451 280.0
60548 97.0
60645 97.0
60734 89.0
60738 4.0
60826 88.0
60830 4.0
60834 4.0
60994 160.0
61083 89.0
61147 64.0
61237 90.0
61384 147.0
61478 94.0
61567 89.0
61740 173.0
61744 4.0
61840 96.0
61925 85.0
62021 96.0
62025 4.0
62111 86.0
62206 95.0
62215 9.0
62219 4.0
62276 57.0
62364 88.0
62368 4.0
62544 176.0
62638 94.0
62642 4.0
62649 7.0
62653 4.0
62743 90.0
62747 4.0
62835 88.0
63027 192.0
63113 86.0
63124 11.0
63226 102.0
63230 4.0
63234 4.0
63238 4.0
63333 95.0
63424 91.0
63431 7.0
63524 93.0
63528 4.0
63810 282.0
63816 6.0
64023 207.0
64590 567.0
64917 327.0
64921 4.0
65079 158.0
65085 6.0
65089 4.0
65093 4.0
65100 7.0
65154 54.0
65439 285.0
65522 83.0
65529 7.0
65932 403.0
66040 108.0
66496 456.0
66503 7.0
66590 87.0
66599 9.0
66690 91.0
67107 417.0
67111 4.0
67117 6.0
67121 4.0
67516 395.0
68006 490.0
68010 4.0
68014 4.0
68019 5.0
68199 180.0
68281 82.0
68620 339.0
68717 97.0
68896 179.0
68985 89.0
68988 3.0
69254 266.0
69413 159.0
69603 190.0
69607 4.0
69927 320.0
70015 88.0
70199 184.0
70379 180.0
70383 4.0
70387 4.0
70482 95.0
70669 187.0
70839 170.0
70930 91.0
70934 4.0
71022 88.0
71107 85.0
71296 189.0
71377 81.0
71476 99.0
71629 153.0
71633 4.0
71801 168.0
71807 6.0
71964 157.0
72018 54.0
72022 4.0
72103 81.0
72258 155.0
72262 4.0
72505 243.0
72663 158.0
72824 161.0
72895 71.0
72983 88.0
73065 82.0
73168 103.0
73363 195.0
73403 40.0
73476 73.0
73480 4.0
73565 85.0
73652 87.0
73740 88.0
73747 7.0
73794 47.0
73799 5.0
73888 89.0
73979 91.0
74063 84.0
74135 72.0
74213 78.0
74219 6.0
74306 87.0
74402 96.0
74493 91.0
74497 4.0
74568 71.0
74625 57.0
74629 4.0
74719 90.0
74723 4.0
74727 4.0
74731 4.0
74737 6.0
74743 6.0
74749 6.0
74753 4.0
74793 40.0
74798 5.0
74802 4.0
74885 83.0
74893 8.0
74984 91.0
74990 6.0
75069 79.0
75075 6.0
75162 87.0
75167 5.0
75208 41.0
75260 52.0
75350 90.0
75447 97.0
75497 50.0
75501 4.0
75505 4.0
75686 181.0
75722 36.0
75806 84.0
75891 85.0
75989 98.0
75993 4.0
76029 36.0
76035 6.0
76067 32.0
76153 86.0
76305 152.0
76396 91.0
76484 88.0
77007 523.0
77134 127.0
77318 184.0
78051 733.0
78644 593.0
78696 52.0
78764 68.0
78828 64.0
79828 1000.0
80828 1000.0
81148 320.0
81203 55.0
81207 4.0
81211 4.0
81215 4.0
81226 11.0
81234 8.0
81238 4.0
81244 6.0
81248 4.0
81252 4.0
81262 10.0
81294 32.0
81298 4.0
81333 35.0
81343 10.0
81391 48.0
81397 6.0
81409 12.0
81418 9.0
81493 75.0
81499 6.0
81529 30.0
81545 16.0
81555 10.0
81592 37.0
81634 42.0
81678 44.0
81715 37.0
81755 40.0
81799 44.0
81849 50.0
81858 9.0
81892 34.0
82045 153.0
82078 33.0
82188 110.0
82273 85.0
82356 83.0
82392 36.0
82419 27.0
82423 4.0
82429 6.0
82461 32.0
82499 38.0
82583 84.0
82666 83.0
82677 11.0
82684 7.0
82784 100.0
82789 5.0
82801 12.0
82805 4.0
82838 33.0
82908 70.0
82912 4.0
83003 91.0
83098 95.0
83168 70.0
83524 356.0
83641 117.0
83853 212.0
84111 258.0
84201 90.0
84299 98.0
84504 205.0
84565 61.0
84707 142.0
84763 56.0
84767 4.0
84809 42.0
84869 60.0
84931 62.0
84998 67.0
85065 67.0
85120 55.0
85175 55.0
85235 60.0
85293 58.0
85346 53.0
85407 61.0
85498 91.0
85587 89.0
85683 96.0
85737 54.0
85828 91.0
85875 47.0
85923 48.0
85975 52.0
86019 44.0
86099 80.0
86178 79.0
86223 45.0
86262 39.0
86342 80.0
86790 448.0
86947 157.0
87249 302.0
87423 174.0
87455 32.0
87520 65.0
87724 204.0
87785 61.0
87993 208.0
88071 78.0
88233 162.0
88261 28.0
88295 34.0
88370 75.0
88444 74.0
88472 28.0
88505 33.0
88545 40.0
88578 33.0
88616 38.0
88648 32.0
88677 29.0
88707 30.0
88868 161.0
88874 6.0
88907 33.0
88941 34.0
89295 354.0
89321 26.0
89590 269.0
89596 6.0
89667 71.0
89790 123.0
89859 69.0
89929 70.0
89959 30.0
89985 26.0
90074 89.0
90147 73.0
90484 337.0
90880 396.0
91093 213.0
91183 90.0
91542 359.0
91713 171.0
91806 93.0
92030 224.0
92199 169.0
92376 177.0
92496 120.0
93306 810.0
93318 12.0
94318 1000.0
94324 6.0
94335 11.0
95335 1000.0
95747 412.0
95751 4.0
96751 1000.0
96945 194.0
97945 1000.0
98945 1000.0
99945 1000.0
0 0
4 5.0
8 4.0
13 5.0
18 5.0
22 4.0
25 3.0
28 3.0
31 3.0
34 3.0
37 3.0
40 3.0
43 3.0
45 2.0
48 3.0
51 3.0
53 2.0
56 3.0
59 3.0
62 3.0
65 3.0
68 3.0
71 3.0
74 3.0
77 3.0
80 3.0
83 3.0
85 2.0
87 2.0
90 3.0
92 2.0
95 3.0
98 3.0
101 3.0
103 2.0
106 3.0
108 2.0
110 2.0
112 2.0
115 3.0
118 3.0
120 2.0
123 3.0
126 3.0
129 3.0
132 3.0
135 3.0
138 3.0
141 3.0
144 3.0
147 3.0
149 2.0
152 3.0
155 3.0
157 2.0
159 2.0
162 3.0
165 3.0
167 2.0
170 3.0
173 3.0
176 3.0
179 3.0
182 3.0
184 2.0
187 3.0
189 2.0
192 3.0
195 3.0
198 3.0
201 3.0
203 2.0
206 3.0
208 2.0
211 3.0
213 2.0
216 3.0
219 3.0
221 2.0
224 3.0
226 2.0
229 3.0
232 3.0
235 3.0
238 3.0
241 3.0
244 3.0
246 2.0
249 3.0
252 3.0
255 3.0
258 3.0
261 3.0
264 3.0
266 2.0
269 3.0
272 3.0
275 3.0
278 3.0
280 2.0
283 3.0
286 3.0
289 3.0
291 2.0
294 3.0
297 3.0
300 3.0
303 3.0
306 3.0
309 3.0
312 3.0
315 3.0
318 3.0
321 3.0
324 3.0
327 3.0
329 2.0
331 2.0
334 3.0
337 3.0
341 4.0
346 5.0
349 3.0
352 3.0
355 3.0
358 3.0
361 3.0
364 3.0
367 3.0
369 2.0
372 3.0
375 3.0
378 3.0
380 2.0
383 3.0
386 3.0
388 2.0
391 3.0
394 3.0
396 2.0
399 3.0
402 3.0
405 3.0
408 3.0
410 2.0
413 3.0
416 3.0
419 3.0
422 3.0
424 2.0
427 3.0
430 3.0
432 2.0
435 3.0
438 3.0
441 3.0
444 3.0
447 3.0
450 3.0
453 3.0
456 3.0
458 2.0
461 3.0
464 3.0
467 3.0
470 3.0
473 3.0
476 3.0
479 3.0
481 2.0
484 3.0
486 2.0
489 3.0
492 3.0
495 3.0
498 3.0
501 3.0
504 3.0
507 3.0
510 3.0
513 3.0
516 3.0
519 3.0
522 3.0
525 3.0
528 3.0
531 3.0
534 3.0
538 4.0
547 9.0
586 39.0
599 13.0
608 9.0
622 14.0
634 12.0
653 19.0
689 36.0
710 21.0
722 12.0
735 13.0
767 32.0
784 17.0
800 16.0
807 7.0
826 19.0
865 39.0
902 37.0
915 13.0
931 16.0
943 12.0
962 19.0
977 15.0
995 18.0
1027 32.0
1070 43.0
1100 30.0
1159 59.0
1208 49.0
1271 63.0
1381 110.0
1474 93.0
1549 75.0
1623 74.0
1761 138.0
1872 111.0
1973 101.0
2082 109.0
2129 47.0
2182 53.0
2231 49.0
2289 58.0
2339 50.0
2396 57.0
2456 60.0
2512 56.0
2584 72.0
2655 71.0
2720 65.0
2793 73.0
2861 68.0
2919 58.0
2994 75.0
3058 64.0
3125 67.0
3184 59.0
3254 70.0
3323 69.0
3386 63.0
3451 65.0
3534 83.0
3597 63.0
3660 63.0
3735 75.0
3791 56.0
3851 60.0
3909 58.0
3968 59.0
4030 62.0
4088 58.0
4140 52.0
4201 61.0
4258 57.0
4320 62.0
4363 43.0
4423 60.0
4482 59.0
4542 60.0
4603 61.0
4667 64.0
4707 40.0
4766 59.0
4817 51.0
4880 63.0
4936 56.0
4992 56.0
5048 56.0
5100 52.0
5159 59.0
5217 58.0
5283 66.0
5349 66.0
5418 69.0
5477 59.0
5546 69.0
5613 67.0
5670 57.0
5757 87.0
5816 59.0
5886 70.0
5960 74.0
6056 96.0
6160 104.0
6238 78.0
6311 73.0
6374 63.0
6476 102.0
6582 106.0
6681 99.0
6808 127.0
6902 94.0
6977 75.0
7050 73.0
7121 71.0
7198 77.0
7266 68.0
7339 73.0
7429 90.0
7503 74.0
7578 75.0
7683 105.0
7754 71.0
7833 79.0
7916 83.0
8006 90.0
8085 79.0
8169 84.0
8252 83.0
8332 80.0
8408 76.0
8481 73.0
8553 72.0
8638 85.0
8733 95.0
8815 82.0
8903 88.0
8980 77.0
9081 101.0
9177 96.0
9266 89.0
9349 83.0
9451 102.0
9555 104.0
9665 110.0
9798 133.0
9915 117.0
10038 123.0
10170 132.0
10340 170.0
10716 376.0
10842 126.0
11842 1000.0
12842 1000.0
13842 1000.0
14842 1000.0
15842 1000.0
16842 1000.0
17842 1000.0
18842 1000.0
19842 1000.0
20842 1000.0
21842 1000.0
22842 1000.0
23402 560.0
24402 1000.0
25402 1000.0
26402 1000.0
27402 1000.0
27698 296.0
28698 1000.0
29698 1000.0
30065 367.0
30341 276.0
30503 162.0
30659 156.0
30772 113.0
30882 110.0
30996 114.0
31080 84.0
31171 91.0
31178 7.0
31306 128.0
31379 73.0
31383 4.0
31492 109.0
31594 102.0
31600 6.0
31748 148.0
31908 160.0
31912 4.0
31918 6.0
32437 519.0
32564 127.0
33564 1000.0
33568 4.0
33572 4.0
33888 316.0
34070 182.0
35070 1000.0
36070 1000.0
36128 58.0
37128 1000.0
37638 510.0
37748 110.0
37753 5.0
38753 1000.0
39753 1000.0
39814 61.0
39821 7.0
39890 69.0
40890 1000.0
41890 1000.0
42890 1000.0
43890 1000.0
44890 1000.0
45283 393.0
46283 1000.0
47283 1000.0
48283 1000.0
49283 1000.0
50283 1000.0
51283 1000.0
52283 1000.0
53283 1000.0
54283 1000.0
55283 1000.0
56283 1000.0
57283 1000.0
58283 1000.0
59283 1000.0
60283 1000.0
60348 65.0
60410 62.0
60414 4.0
60497 83.0
60549 52.0
60601 52.0
60662 61.0
60712 50.0
60718 6.0
60765 47.0
60811 46.0
60859 48.0
60919 60.0
60967 48.0
61008 41.0
61043 35.0
61091 48.0
61142 51.0
61193 51.0
61239 46.0
61277 38.0
61396 119.0
61523 127.0
61576 53.0
61613 37.0
61650 37.0
61685 35.0
61811 126.0
61819 8.0
61823 4.0
61860 37.0
61898 38.0
61935 37.0
61971 36.0
61978 7.0
62018 40.0
62060 42.0
62098 38.0
62139 41.0
62180 41.0
62184 4.0
62224 40.0
62228 4.0
62265 37.0
62314 49.0
62318 4.0
62322 4.0
62359 37.0
62394 35.0
62445 51.0
62504 59.0
62557 53.0
62685 128.0
62743 58.0
62864 121.0
62951 87.0
63031 80.0
63130 99.0
63301 171.0
63400 99.0
63474 74.0
63598 124.0
63711 113.0
63844 133.0
63959 115.0
64193 234.0
64306 113.0
64559 253.0
64782 223.0
65782 1000.0
66782 1000.0
67782 1000.0
68782 1000.0
69709 927.0
70106 397.0
70117 11.0
70166 49.0
71166 1000.0
72166 1000.0
72194 28.0
72198 4.0
72231 33.0
73231 1000.0
74231 1000.0
74265 34.0
74313 48.0
75290 977.0
75429 139.0
75568 139.0
75627 59.0
75771 144.0
75779 8.0
75914 135.0
75984 70.0
76021 37.0
76179 158.0
76215 36.0
76253 38.0
76289 36.0
76325 36.0
76470 145.0
76904 434.0
76984 80.0
77040 56.0
77118 78.0
77174 56.0
77230 56.0
77296 66.0
77356 60.0
77403 47.0
77459 56.0
77526 67.0
77582 56.0
77635 53.0
77685 50.0
77739 54.0
77807 68.0
77866 59.0
77924 58.0
77979 55.0
78029 50.0
78096 67.0
78150 54.0
78200 50.0
78250 50.0
78307 57.0
78378 71.0
78442 64.0
78534 92.0
78606 72.0
78666 60.0
78732 66.0
78798 66.0
78859 61.0
78927 68.0
79010 83.0
79084 74.0
79163 79.0
79251 88.0
79318 67.0
79385 67.0
79460 75.0
79604 144.0
79912 308.0
80300 388.0
81300 1000.0
82300 1000.0
83300 1000.0
83317 17.0
84317 1000.0
85317 1000.0
86317 1000.0
87317 1000.0
88090 773.0
88147 57.0
88151 4.0
88155 4.0
88190 35.0
88194 4.0
89194 1000.0
89226 32.0
90226 1000.0
90232 6.0
91232 1000.0
91298 66.0
92298 1000.0
92334 36.0
93334 1000.0
94334 1000.0
95334 1000.0
96334 1000.0
96869 535.0
97869 1000.0
98087 218.0
99015 928.0
99136 121.0
0 0
